72.404518 -0.930771 0.000000
21.514299 13.900202 0.000000
28.696521 13.624476 0.000000
75.428615 0.284295 0.000000
70.933404 9.282611 0.000000
81.186059 3.649041 0.000000
3.336939 -5.912331 0.000000
-26.526058 -4.423428 0.000000
-20.018465 -5.018268 0.000000
-30.696397 -4.088838 0.000000
-48.218109 -1.321616 0.000000
57.560405 11.372901 0.000000
-4.392251 -5.847915 0.000000
79.353858 5.720922 0.000000
-21.975712 -4.730367 0.000000
-4.210385 -5.770768 0.000000
63.523708 -2.698068 0.000000
-35.145955 -3.477375 0.000000
52.306564 12.130911 0.000000
-30.261221 11.984348 0.000000
11.895403 14.005346 0.000000
55.325262 -3.861655 0.000000
75.903024 7.733570 0.000000
20.322551 -5.887763 0.000000
55.178812 -3.638752 0.000000
53.884380 11.790397 0.000000
21.128508 -5.818675 0.000000
-32.247062 11.918682 0.000000
55.522869 -3.591936 0.000000
80.304859 5.348130 0.000000
-38.222210 11.055561 0.000000
-30.911001 12.071113 0.000000
80.573764 5.476908 0.000000
-27.956915 -4.412604 0.000000
-52.438068 0.002547 0.000000
-5.475725 13.660939 0.000000
-3.526741 -5.744169 0.000000
60.181093 -3.187039 0.000000
-53.618763 7.860130 0.000000
52.028923 -4.182035 0.000000
65.583345 10.390110 0.000000
-46.119390 -1.636228 0.000000
79.943600 5.312668 0.000000
-17.034331 13.249727 0.000000
77.187168 7.006352 0.000000
-20.295836 -4.928992 0.000000
47.084346 12.532149 0.000000
-49.755584 -1.082959 0.000000
-57.480823 5.908260 0.000000
68.326229 -1.707057 0.000000
-53.284133 -0.081732 0.000000
41.647616 -5.077742 0.000000
-50.526656 -0.918345 0.000000
71.076930 -0.956272 0.000000
-57.390774 6.018008 0.000000
-58.122887 2.964433 0.000000
77.828565 0.725096 0.000000
-23.686734 -4.599817 0.000000
68.558813 -1.624646 0.000000
79.575763 2.369859 0.000000
78.504631 6.933592 0.000000
80.342287 5.124375 0.000000
-15.981455 -5.206095 0.000000
3.453710 -5.859867 0.000000
61.847632 10.902783 0.000000
-57.935677 5.087058 0.000000
70.531825 9.427972 0.000000
33.632718 -5.393497 0.000000
-16.970006 13.115894 0.000000
-19.236039 13.044168 0.000000
48.011432 -4.410424 0.000000
-42.651625 -2.335079 0.000000
26.132173 -5.677260 0.000000
-37.267818 -3.348962 0.000000
81.484174 3.651347 0.000000
36.779157 -5.275378 0.000000
-48.146861 -1.317173 0.000000
-58.056272 5.005759 0.000000
-53.320092 8.005618 0.000000
-55.607158 0.799869 0.000000
-23.617329 12.615316 0.000000
79.621942 6.283957 0.000000
58.313011 11.386306 0.000000
1.517954 -5.952734 0.000000
-51.548973 8.431040 0.000000
79.735204 5.873803 0.000000
73.173448 8.385685 0.000000
78.063989 7.086476 0.000000
-10.394925 -5.434499 0.000000
-55.785646 0.967736 0.000000
-46.575690 -1.758199 0.000000
-18.796708 13.017419 0.000000
-57.957291 5.704739 0.000000
73.907016 8.487582 0.000000
14.515311 14.059504 0.000000
-3.246380 -5.791509 0.000000
79.726009 5.499743 0.000000
72.813656 8.789329 0.000000
22.658687 13.821148 0.000000
-57.871599 2.016394 0.000000
